Model Optimization Time = 0.7795528749702498
Current cost and std = (937.8015109923981, 260.1538096524594)
Policy Optimization Time = 330.0070622499916
Model Optimization Time = 1.0275691249989904
Current cost and std = (901.7758087595627, 249.15428357292694)
Policy Optimization Time = 2473.414183749992
Model Optimization Time = 1.5756285420502536
Current cost and std = (770.9456046561788, 206.19073081498854)
Policy Optimization Time = 988.8385082919849
Model Optimization Time = 3.086225499981083
Current cost and std = (811.1762718970554, 223.31082900870095)
Policy Optimization Time = 53.60629833396524
Model Optimization Time = 4.9395249169901945
Current cost and std = (748.260926524684, 193.57121835566244)
Policy Optimization Time = 1149.8857976250001
Model Optimization Time = 6.599766707979143
Current cost and std = (612.279197069982, 155.45253645119888)
Policy Optimization Time = 106.67675350001082
Model Optimization Time = 10.198189334012568
Current cost and std = (513.8521527223214, 155.60492029129017)
Policy Optimization Time = 22.721574292052537
Model Optimization Time = 21.254028958035633
Current cost and std = (505.9994551615295, 137.17371866335472)
Policy Optimization Time = 86.32236950000515
0 [-0.3621239 -0.93213   -0.8719165] [-0.82076391] -3.602278163699383
1 [-0.43968853 -0.8981503  -1.6941285 ] [-0.91048075] -3.8455052845541235
2 [-0.54841495 -0.8362063  -2.5043135 ] [-0.82252222] -4.392707348626246
3 [-0.6766548 -0.7363004 -3.2548466] [-0.63768003] -5.255771244685589
4 [-0.8065815  -0.59112287 -3.9027238 ] [-0.50883349] -6.414433766583345
5 [-0.91658956 -0.39982942 -4.422391  ] [-0.45105195] -7.819179600465946
6 [-0.9852727  -0.17099032 -4.789921  ] [-0.42966168] -9.41028774699665
7 [-0.99701416  0.07721899 -4.9826126 ] [-0.42275632] -11.113981074849663
8 [-0.94710606  0.3209208  -4.988112  ] [-0.42238492] -11.872736128252289
9 [-0.8433869  0.5373068 -4.810779 ] [-0.42802427] -10.411916541433383
10 [-0.7032479  0.7109447 -4.4720025] [-0.44580238] -8.941831837849131
11 [-0.54774994  0.8366421  -4.0056643 ] [-0.49387515] -7.526114626725004
12 [-0.3959106   0.91828907 -3.4522643 ] [-0.60956071] -6.2292947800790754
13 [-0.26124346  0.96527296 -2.8549817 ] [-0.83828808] -5.104097088331511
14 [-0.1508931   0.98855007 -2.2567701 ] [-1.18114826] -4.183410551112552
15 [-0.06679541  0.9977667  -1.6925298 ] [-1.5453136] -3.476903261148777
16 [-0.008045    0.99996763 -1.1760018 ] [-1.80707232] -2.970723383718117
17 [ 0.02680605  0.99964064 -0.6970869 ] [-1.93542337] -2.634303740310525
18 [ 0.0386831   0.99925154 -0.2376699 ] [-1.98100722] -2.4362349502666287
19 [0.02795823 0.9996091  0.21461765] [-1.99393564] -2.356914452784912
20 [-0.00529981  0.99998593  0.66523415] [-1.99718076] -2.3889200180325028
21 [-0.06104419  0.9981351   1.1156465 ] [-1.99751864] -2.532321495706826
22 [-0.13886297  0.9903116   1.56462   ] [-1.99550107] -2.7914841902111616
23 [-0.23742539  0.9714058   2.0080285 ] [-1.98579125] -3.1732600557307262
24 [-0.35381827  0.9353142   2.4387143 ] [-1.94471616] -3.685110996313545
25 [-0.48299763  0.8756217   2.8484924 ] [-1.81228576] -4.332864556863982
26 [-0.6176438   0.78645796  3.2333658 ] [-1.53910333] -5.119765949870087
27 [-0.74821025  0.6634617   3.5923438 ] [-1.1902213] -6.049943345407805
28 [-0.862875    0.50541735  3.9114068 ] [-0.89622942] -7.129723287597572
29 [-0.9485842   0.31652495  4.1560354 ] [-0.71626345] -8.351831795700324
30 [-0.99419904  0.10755588  4.2859898 ] [-0.63187026] -9.677518919552204
31 [-0.99440527 -0.10563202  4.271876  ] [-0.61291021] -11.041484195989746
32 [-0.9520693 -0.3058825  4.1007156] [-0.65053321] -11.041126278902697
33 [-0.87779754 -0.4790318   3.7737236 ] [-0.76232955] -9.69502764563152
34 [-0.78719044 -0.61671     3.3001003 ] [-0.98004194] -8.40506204134476
35 [-0.69736314 -0.71671796  2.6905615 ] [-1.2832451] -7.225735151265827
36 [-0.62387013 -0.781528    1.9605362 ] [-1.51952787] -6.212903283942944
37 [-0.5780704 -0.8159869  1.146461 ] [-1.54077887] -5.424375702530295
38 [-0.56562775 -0.8246607   0.30335405] [-1.35031433] -4.917472681628432
39 [-0.58678174 -0.80974513 -0.51768863] [-1.1803345] -4.728568826601681
40 [-0.6382178  -0.76985586 -1.3020476 ] [-1.13596961] -4.858847930640563
41 [-0.71363443 -0.7005183  -2.049835  ] [-1.03171837] -5.291889939091633
42 [-0.80232    -0.59689415 -2.7299814 ] [-0.83331049] -6.016691064876407
43 [-0.88952494 -0.45688662 -3.3026485 ] [-0.65339269] -7.005819237282761
44 [-0.9590051  -0.28338873 -3.7433226 ] [-0.54662629] -8.204601595607507
45 [-0.99635285 -0.08532909 -4.037858  ] [-0.49614307] -9.54838396151324
46 [-0.99239826  0.12306804 -4.176276  ] [-0.4777034] -10.970787848287577
47 [-0.94566506  0.32514247 -4.1556306 ] [-0.47985527] -10.8539591353996
48 [-0.86263007  0.5058353  -3.9837523 ] [-0.50359666] -9.625675319710473
49 [-0.755522    0.65512323 -3.6799152 ] [-0.56235683] -8.405870048768541
50 [-0.63869745  0.769458   -3.2729263 ] [-0.68291334] -7.246021412101213
51 [-0.5251495   0.85100996 -2.7982697 ] [-0.89538537] -6.195558678177196
52 [-0.42428738  0.9055276  -2.29432   ] [-1.19849998] -5.293880021171945
53 [-0.34142002  0.9399108  -1.7949494 ] [-1.52486832] -4.56379174181266
54 [-0.27874777  0.96036434 -1.3187466 ] [-1.77739954] -4.007928869660913
55 [-0.23696026  0.97151935 -0.8650833 ] [-1.91679011] -3.611738465364703
56 [-0.21631418  0.9763238  -0.42396227] [-1.97338004] -3.3547272764399585
57 [-0.2169133   0.97619087  0.01227358] [-1.99143208] -3.221795743550157
58 [-0.23861215  0.97111493  0.44570193] [-1.99643559] -3.2061038958212964
59 [-0.28083605  0.9597558   0.8745728 ] [-1.9975298] -3.30622645806848
60 [-0.34233704  0.9395772   1.2947601 ] [-1.99676954] -3.5232149800449015
61 [-0.42086574  0.90712297  1.6999276 ] [-1.99267701] -3.858793328615703
62 [-0.5128213   0.85849535  2.0813682 ] [-1.97768236] -4.313756403514478
63 [-0.6130357  0.7900552  2.4285874] [-1.93156082] -4.886116199322342
64 [-0.7148902   0.69923675  2.7313948 ] [-1.82693002] -5.569528571981933
65 [-0.81082255  0.58529204  2.981783  ] [-1.66237825] -6.353325110061431
66 [-0.8930713   0.44991523  3.171395  ] [-1.47972937] -7.223896177495881
67 [-0.9546463  0.2977423  3.2868721] [-1.33291354] -8.163173247635447
68 [-0.9906555  0.1363883  3.3102417] [-1.25655799] -9.143560005068426
69 [-0.99970263 -0.02438533  3.2240493 ] [-1.26460616] -10.126039438250832
70 [-0.9846932  -0.17429642  3.0160694 ] [-1.35822208] -10.75801509058201
71 [-0.9525554  -0.30436516  2.6816137 ] [-1.5170229] -9.711049735661248
72 [-0.91286    -0.40827283  2.2257864 ] [-1.68145769] -8.743447433570333
73 [-0.87569195 -0.4828702   1.6673632 ] [-1.78326691] -7.902251860554009
74 [-0.8494705 -0.5276362  1.0377206] [-1.8003219] -7.238457544586887
75 [-0.8395116 -0.5433418  0.3719451] [-1.73804408] -6.797171479311797
76 [-0.8474679  -0.53084666 -0.29626787] [-1.62365255] -6.607268184059686
77 [-0.8714224  -0.49053338 -0.93795073] [-1.50261442] -6.678103508057011
78 [-0.90638924 -0.4224436  -1.531243  ] [-1.36700627] -7.001300433204124
79 [-0.9449079  -0.32733637 -2.0531266 ] [-1.19701076] -7.5558154463436615
80 [-0.97811955 -0.20804349 -2.4781804 ] [-1.02291888] -8.30844402578838
81 [-0.99753755 -0.07013407 -2.7876508 ] [-0.88921265] -9.211916147615442
82 [-0.99692124  0.0784094  -2.9736333 ] [-0.81242729] -10.211394266402214
83 [-0.97359234  0.22829345 -3.0366905 ] [-0.78953341] -10.267507633961477
84 [-0.9288428   0.37047422 -2.9839003 ] [-0.81676682] -9.398254554966465
85 [-0.867348    0.49770215 -2.8285596 ] [-0.89618293] -8.520081307448692
86 [-0.79582167  0.60553104 -2.5897105 ] [-1.03227313] -7.668659221864559
87 [-0.7214148  0.6925032 -2.2904031] [-1.22172996] -6.877601996431734
88 [-0.65041363  0.7595802  -1.9542853 ] [-1.44207593] -6.174502526660042
89 [-0.5875949  0.8091552 -1.6009115] [-1.65263145] -5.577502829605851
90 [-0.5362486  0.8440601 -1.2419398] [-1.81500932] -5.094094649136438
91 [-0.49855325  0.8668591  -0.88114613] [-1.91534883] -4.723375823758164
92 [-0.47592354  0.8794867  -0.51830417] [-1.96539353] -4.4608098012688
93 [-0.4691596   0.8831134  -0.15349817] [-1.98615536] -4.302430858011806
94 [-0.47844636  0.8781168   0.21091357] [-1.99373925] -4.246338896259538
95 [-0.50329405  0.86411524  0.57044023] [-1.99624161] -4.292002531339986
96 [-0.5424587   0.84008247  0.91909045] [-1.99665114] -4.438980708818504
97 [-0.5938567   0.80457085  1.2496547 ] [-1.99553583] -4.68587049875001
98 [-0.6545078   0.75605524  1.5537524 ] [-1.99194887] -5.029406700340089
99 [-0.7205752  0.6933768  1.8220015] [-1.98327604] -5.463535984681005
100 [-0.78757185  0.6162228   2.0445426 ] [-1.96574244] -5.978559876448139
101 [-0.85077125  0.5255362   2.2118483 ] [-1.93771564] -6.560653907759517
102 [-0.9057806   0.42374697  2.3153431 ] [-1.90419415] -7.192006772623573
103 [-0.9491719   0.31475818  2.3475242 ] [-1.87634263] -7.8514021990719565
104 [-0.9790417   0.20365997  2.3021414 ] [-1.86469058] -8.514853695022264
105 [-0.9953633  0.0961867  2.1751828] [-1.87203498] -9.156482359669026
106 [-0.99999803 -0.00199024  1.9665177 ] [-1.89167785] -9.750236858127709
107 [-0.9962996  -0.08594774  1.6812733 ] [-1.91219479] -10.247400913430877
108 [-0.98838633 -0.15196204  1.3299832 ] [-1.92435522] -9.622641500942398
109 [-0.9802804  -0.19761172  0.92735845] [-1.92318334] -9.114946305313582
110 [-0.9751377  -0.22159965  0.49067217] [-1.90491984] -8.749014480641613
111 [-0.9747067  -0.22348781  0.03873446] [-1.86561769] -8.543234297115843
112 [-0.9790701  -0.20352323 -0.40872404] [-1.80451949] -8.507860723654142
113 [-0.98668754 -0.16262738 -0.83204436] [-1.72530649] -8.64380178355293
114 [-0.9947297  -0.10253186 -1.2128109 ] [-1.63257215] -8.942118451111334
115 [-0.99966246 -0.02597966 -1.5345956 ] [-1.53353224] -9.384549743540752
116 [-0.9980021   0.06318082 -1.7841102 ] [-1.44204004] -9.944876214767888
117 [-0.9870876   0.16018143 -1.9530306 ] [-1.37475202] -9.796744565036706
118 [-0.9656586   0.25981423 -2.0391073 ] [-1.34379294] -9.268003753157856
119 [-0.9340807   0.35706195 -2.0458157 ] [-1.35407464] -8.7048770728275
120 [-0.89419025  0.44768715 -1.9811304 ] [-1.40440489] -8.129166702979921
121 [-0.8488563  0.5286237 -1.8560257] [-1.48835584] -7.563014027813606
122 [-0.801427   0.5980926 -1.6828113] [-1.59419479] -7.026929156860481
123 [-0.7552325   0.65545696 -1.473371  ] [-1.70588639] -6.5380954858306515
124 [-0.7132511  0.7009086 -1.2376614] [-1.80683246] -6.109375421795501
125 [-0.6779538   0.7351045  -0.98300475] [-1.88524446] -5.7493015710768285
126 [-0.6512666  0.758849  -0.714463 ] [-1.93765283] -5.462983142691434
127 [-0.63457125  0.77286434 -0.43597418] [-1.96802726] -5.253422218357473
128 [-0.6286975   0.77764994 -0.15153   ] [-1.98360881] -5.122573409705359
129 [-0.63390005  0.773415    0.13416615] [-1.99090611] -5.0717619107877665
130 [-0.64983326  0.7600768   0.41559148] [-1.99406524] -5.101536258327523
131 [-0.67553645  0.7373266   0.6865393 ] [-1.9951603] -5.211267077138604
132 [-0.7094412   0.7047646   0.94026023] [-1.99499502] -5.398716511979148
133 [-0.7494191   0.66209596  1.1695844 ] [-1.9936706] -5.659635460877328
134 [-0.79289144  0.6093629   1.3671058 ] [-1.99089925] -5.987397450939615
135 [-0.83702004  0.54717225  1.5254931 ] [-1.98631785] -6.372727441263447
136 [-0.8789759   0.47686616  1.6379247 ] [-1.97998334] -6.803630947652983
137 [-0.9162589  0.4005867  1.6985767] [-1.97283033] -7.265615885451668
138 [-0.94700944  0.3212058   1.7030922 ] [-1.96651752] -7.7422268703584605
139 [-0.970246    0.24212122  1.6490189 ] [-1.96249579] -8.215837376534338
140 [-0.98596466  0.16695425  1.5362355 ] [-1.961015] -8.668625019573383
141 [-0.9950664   0.09921133  1.367299  ] [-1.96092597] -9.083648598047974
142 [-0.99911827  0.04198404  1.1475686 ] [-1.96027374] -9.445885291713772
143 [-0.99999744 -0.00225439  0.8850155 ] [-1.95691884] -9.743031081163053
144 [-0.9994962  -0.03173841  0.5897869 ] [-1.94864673] -9.93759948157982
145 [-0.9989683  -0.04541242  0.27368605] [-1.93304461] -9.709742358174442
146 [-0.99907947 -0.04289838 -0.05032994] [-1.9078683] -9.597462375468465
147 [-0.9997004  -0.0244749  -0.36868396] [-1.87208935] -9.60571789117358
148 [-0.99996024  0.00891521 -0.66785353] [-1.82677865] -9.733505349716589
149 [-0.9984506   0.05564577 -0.93518394] [-1.77525659] -9.86160715796563
150 [-0.9935475   0.11341686 -1.1597381 ] [-1.72305082] -9.613499108965817
151 [-0.9837867   0.17934251 -1.3331331 ] [-1.67755873] -9.305835623485157
152 [-0.96820813  0.25014603 -1.45026   ] [-1.64656733] -8.949685641373762
153 [-0.9465877   0.32244647 -1.5096356 ] [-1.63601531] -8.557979980057686
154 [-0.91950655  0.39307466 -1.513203  ] [-1.64832155] -8.145119669056696
155 [-0.88825905  0.4593429  -1.4656453 ] [-1.68186635] -7.726256581415641
156 [-0.8546468   0.51920986 -1.3734181 ] [-1.73138587] -7.316333924064763
157 [-0.82072806  0.57131904 -1.2437185 ] [-1.78907098] -6.9291098464850736
158 [-0.7885851   0.61492556 -1.0835899 ] [-1.84635252] -6.576408029719834
159 [-0.76014566  0.6497527  -0.89934856] [-1.896068] -6.267759427041315
160 [-0.7370636  0.6758234 -0.6964443] [-1.93418829] -6.010458044916873
161 [-0.72064334  0.69330597 -0.47970498] [-1.96024742] -5.809899545771607
162 [-0.71178883  0.70239353 -0.25376263] [-1.9763441] -5.669978790208738
163 [-0.7109659  0.7032265 -0.0234191] [-1.98549848] -5.5933490293506045
164 [-0.7181774   0.6958601   0.20617601] [-1.99036965] -5.581468412523318
165 [-0.7329548   0.68027735  0.4295156 ] [-1.99275881] -5.634481969755291
166 [-0.7543713   0.656448    0.64080983] [-1.9936771] -5.751030274377763
167 [-0.78108436  0.6244255   0.8340943 ] [-1.99359643] -5.928050617784163
168 [-0.8114151   0.58447033  1.0033739 ] [-1.99267673] -6.160606088504203
169 [-0.84347    0.5371763  1.1428251] [-1.99094288] -6.4417760173185945
170 [-0.87530386  0.48357335  1.2470659 ] [-1.98844401] -6.762654104668114
171 [-0.90510976  0.42517802  1.3114793 ] [-1.98538592] -7.112502493095418
172 [-0.9314092   0.36397383  1.332555  ] [-1.98215652] -7.479089512316945
173 [-0.9532081   0.30231488  1.3082119 ] [-1.97917881] -7.849202632965797
174 [-0.9700847   0.24276651  1.2380712 ] [-1.97665934] -8.20929289918477
175 [-0.98218614  0.1879105   1.1236472 ] [-1.97440645] -8.546183060425072
176 [-0.99013025  0.14015044  0.96841913] [-1.97182203] -8.847757368967004
177 [-0.9948304   0.10155006  0.77775866] [-1.9680025] -9.103548407521501
178 [-0.9972788   0.07372244  0.5587208 ] [-1.96182706] -9.305156682239671
179 [-0.9983299   0.05777027  0.3197386 ] [-1.95202321] -9.44648259258244
180 [-0.9985267   0.05426265  0.07026281] [-1.9373417] -9.523795693876709
181 [-0.997999    0.06322917 -0.17964147] [-1.91695619] -9.535688919990449
182 [-0.9964523   0.08415987 -0.419763  ] [-1.89098389] -9.48296367616137
183 [-0.9932478   0.11601225 -0.6402907 ] [-1.86085482] -9.368481730347108
184 [-0.9875605   0.1572393  -0.83240974] [-1.8293742] -9.197012545567457
185 [-0.9785822  0.2058565 -0.9888864] [-1.80046096] -8.975091555215036
186 [-0.96572685  0.25956047 -1.1045631 ] [-1.77849998] -8.710876534682194
187 [-0.94879395  0.3158956  -1.1766678 ] [-1.76733966] -8.413957573184867
188 [-0.92805403  0.37244555 -1.2048471 ] [-1.76925823] -8.095062428185653
189 [-0.9042451   0.42701387 -1.1909016 ] [-1.7843105] -7.765619252326343
190 [-0.8784908   0.47775924 -1.1382878 ] [-1.81026479] -7.437194499548332
191 [-0.8521701  0.5232648 -1.0515081] [-1.84311965] -7.1208884983075835
192 [-0.8267705   0.56253934 -0.93552744] [-1.87806942] -6.82680456171706
193 [-0.8037524   0.59496385 -0.7953333 ] [-1.91067378] -6.563689671116637
194 [-0.7844384  0.6202068 -0.6357115] [-1.93785649] -6.338785119920789
195 [-0.769928    0.6381308  -0.46123487] [-1.95836065] -6.157851655470711
196 [-0.7610361   0.64870954 -0.2763909 ] [-1.97252652] -6.025279931846468
197 [-0.75824815  0.65196604 -0.08573773] [-1.98161658] -5.944189394110569
198 [-0.7616927   0.64793843  0.10599432] [-1.98710224] -5.916456435641031
199 [-0.77113104  0.63667643  0.2938828 ] [-1.99021347] -5.942666330295221
